0.162783,-0.448338,1.194865,0.377928,-0.545475,-0.874521,0.001659,0.652650,-0.471573,1.931670,-1.070654,-0.302843,0.317578,0.011220,0.030248,-0.518048,0.879684,0.388331,0.290243,0.296604,0.138283,0.368616,-0.007297,0.701314,0.967160,-0.452671,0.250097,0.785794,-0.208819,-0.103790,0.192391,0.663348
0.475467,-0.644405,0.232777,0.050594,-0.901964,-0.128891,-0.865026,0.834024,1.688556,-0.869820,-0.849312,-0.654801,-0.251437,0.154883,0.124232,0.336181,0.046318,0.323594,-0.927807,0.419563,1.379033,0.156772,-0.167332,0.046969,0.415546,-0.951462,-0.070832,0.259944,0.069009,0.265554,0.112554,-0.030453
-0.836957,-0.468180,1.028249,0.756983,0.126806,-0.110113,0.726614,1.054752,-1.009743,-0.646967,0.061431,0.721146,-0.330890,-0.558392,0.664526,1.107877,0.788426,0.412877,-0.180929,0.029046,0.442854,0.621036,0.462202,-0.205329,-0.324906,-0.420847,0.136971,-0.299492,0.692936,-0.384205,1.105661,-0.478129
-0.913668,0.670951,0.330716,-0.895134,-1.428005,-0.213783,0.176277,0.843674,1.580728,0.040247,-0.428563,-0.037540,0.144383,-0.958157,0.405523,-0.342571,-0.070114,-0.273215,0.376893,0.250816,-0.122892,-0.020068,-0.338134,-0.021002,0.702860,0.913965,0.434612,0.360832,-0.424007,-0.356262,0.104108,-0.463244
0.730836,0.223574,0.217832,-0.115038,0.549069,0.236096,0.597871,-0.686933,-0.216561,0.014708,-0.509787,-0.910870,0.463143,0.688291,1.760998,-0.323095,-0.411280,0.621414,0.175372,-0.471755,-0.157642,-1.153953,0.220703,0.527548,0.007502,-0.528046,0.084131,-0.352139,-0.295671,-1.168209,0.325370,0.149267
0.137149,-0.406640,-0.627419,-0.400940,-0.658368,0.519735,0.216731,-0.843013,0.179709,-0.462311,-0.836666,-0.182044,-0.453679,-1.396770,-0.584280,0.470357,-0.157320,0.585005,-0.994225,0.235018,0.204586,-0.404565,-0.099728,0.975401,-0.633085,1.020113,1.171485,-0.829442,-0.573376,-0.015327,-0.007035,0.600515
0.088724,0.066222,0.834772,0.774397,-1.577085,0.155564,0.427595,0.726617,0.468821,-0.818919,-0.723065,0.215490,-0.106782,-0.083918,-0.525258,-0.278065,-0.148243,1.348599,-0.662616,-0.270624,0.830741,0.185441,-0.749914,0.035002,-0.176997,-0.085508,-0.320411,0.612208,-0.389397,0.287123,-0.706319,-0.458667
0.187227,-2.056983,0.086420,0.168991,1.005946,2.102781,0.425408,-1.040025,-0.089297,0.056777,0.126051,-0.081521,-0.341430,0.004154,-0.359797,-0.793511,0.260259,0.653034,0.562238,-0.631102,0.375586,0.110918,0.008014,-0.225797,0.182693,0.209378,0.017775,0.132057,0.135415,-0.185373,0.242992,-0.414448
0.187227,-2.056983,0.086421,0.168992,1.005946,2.102781,0.425408,-1.040025,-0.089298,0.056776,0.126051,-0.081521,-0.341429,0.004154,-0.359797,-0.793511,0.260259,0.653035,0.562238,-0.631102,0.375586,0.110918,0.008015,-0.225797,0.182693,0.209379,0.017775,0.132057,0.135415,-0.185373,0.242993,-0.414448
0.187227,-2.056983,0.086422,0.168991,1.005946,2.102781,0.425408,-1.040026,-0.089298,0.056778,0.126051,-0.081521,-0.341429,0.004153,-0.359798,-0.793511,0.260259,0.653035,0.562237,-0.631102,0.375586,0.110918,0.008014,-0.225797,0.182694,0.209378,0.017776,0.132057,0.135415,-0.185373,0.242993,-0.414448
-0.350051,-1.270537,0.900847,-0.835142,0.462541,-0.416634,0.672609,-1.075749,-0.104085,0.166258,-1.243819,-0.301977,0.037226,0.665561,0.401337,0.358694,-0.505806,-0.204556,-0.106436,-0.385951,0.138700,-0.384558,-0.789790,0.060429,0.228289,0.638838,0.061010,0.517347,-0.224256,0.041160,-0.684150,0.212825
-0.855701,-0.690548,0.058669,-0.751810,0.942437,-0.432033,0.317405,-0.545543,1.241972,0.374544,1.586208,-0.129483,0.665106,0.160183,0.040385,0.404992,0.854964,0.453552,0.758913,0.628416,0.103214,-0.242007,-0.430081,-0.084816,-0.256251,-0.260367,-0.536537,-0.283630,0.021338,-0.568825,-0.182440,0.417379
0.112386,-1.010289,-0.068999,-1.004095,0.801351,0.022907,-0.056646,0.864905,-0.688745,-0.283008,0.128103,-0.875133,0.265045,-0.009988,-0.066153,0.326265,0.509410,0.216900,-0.713116,-0.092330,-0.131305,1.507186,0.006225,0.688527,-0.096368,0.622958,0.471517,0.354648,-0.921094,-0.461663,0.773057,-0.029703
-0.640585,-0.665157,0.514972,-0.727236,-0.106465,0.280386,-0.291757,0.483182,1.533467,-0.710189,1.357096,-0.111579,-1.002307,0.537361,-0.319486,-0.286269,-0.322300,0.031970,0.467516,-0.359780,-0.782707,-0.605444,-0.532464,0.757965,0.203152,-0.406524,0.659336,0.194713,0.272061,0.584562,0.490558,0.150170
-0.384688,0.550523,0.741123,-0.728033,-0.212617,0.233200,-1.128336,-0.849605,0.632306,0.822807,0.089399,0.836890,0.964418,-0.516774,0.521336,-0.395638,-0.159880,0.129269,-0.160010,-1.202894,0.071211,0.293019,-0.103030,-0.161395,-0.723567,0.681243,0.190590,0.163972,0.532486,-0.136808,0.210550,0.490794
-0.497770,0.580702,-1.819567,-0.949431,-0.109621,-0.984294,0.431800,-0.646265,0.092926,0.696642,0.860250,-0.642066,-0.577451,0.599917,-0.244532,0.530096,0.461737,0.611245,0.134820,-0.244646,0.938872,-0.099686,0.016334,-0.131382,-0.029981,0.454117,-0.449792,0.009365,0.157598,-0.204334,0.263193,0.175234
-0.919153,0.205412,0.167830,-0.115128,-1.312913,1.345843,0.391355,-0.403398,-0.139972,-0.893558,-0.688488,-0.074826,0.708896,-0.728095,-1.024235,0.160320,-0.489959,-0.245707,0.457103,0.059982,-0.746512,-0.654177,-0.210076,-0.419684,-0.878816,-0.138997,-0.181949,0.645407,0.044384,0.005363,-0.144663,-0.315619
-1.009824,-0.128831,0.635081,-0.969216,0.695627,0.165602,-0.036497,-0.475333,0.802845,-1.076488,0.280893,-1.155859,0.536517,0.675672,0.164188,-0.692695,0.436635,0.509298,0.249274,-0.000062,-0.024311,-0.396093,0.398712,-0.652183,-0.167151,0.042475,0.167600,-1.035653,-0.236148,0.704825,-0.694004,0.571285
-0.791737,0.783926,-1.575685,-0.041714,0.437771,-0.306109,-0.156954,-0.347148,-0.576410,0.040504,1.825043,-0.271202,0.292985,0.135825,0.291338,-0.222242,1.036945,-0.268118,0.071555,-0.199100,-0.041586,-0.377560,-0.279149,0.669479,0.003458,0.033810,0.036337,0.772291,0.675598,-0.127375,-0.327328,-0.389848
-0.041171,-1.161189,1.462686,-0.456323,0.138730,-0.698317,0.078122,-0.606130,-0.803015,0.093187,-0.491655,-0.186961,1.132155,-0.174485,0.303610,0.333215,0.365544,-0.180729,0.193151,-0.468357,-1.173344,-0.006340,0.263490,-0.327969,0.868085,-0.236397,0.590822,0.163156,0.145529,0.014301,-0.834858,-0.172765
-1.074658,-0.727963,-0.731091,0.302086,0.244790,0.176295,0.586264,0.539106,-0.757055,-0.439046,-1.056681,0.726023,-0.015378,0.823500,-0.027986,-0.908304,-0.099689,-0.987117,0.188764,0.041765,0.442683,0.153723,0.066276,0.992043,-0.678872,-0.260955,-0.416213,0.343645,-1.023647,-0.136693,-0.157679,0.269248
-1.233137,-0.899173,1.047189,0.171529,-0.326410,-1.032915,-1.051095,-0.158942,0.263981,-1.106785,0.228561,0.583264,-1.075374,-0.205308,0.347896,-0.886031,-0.269072,0.026196,-0.158082,-0.173901,-0.713652,0.952611,-0.310077,0.071664,0.330755,0.436475,0.076827,0.418032,-0.022855,0.159247,-0.214490,0.168607
-0.776867,0.054427,-0.564142,-0.792839,0.252994,0.023254,0.820509,0.357285,-0.732890,-0.160834,0.603004,0.641242,0.080621,-0.078110,0.536184,0.841759,0.470507,0.066264,0.978949,1.015298,-0.451956,0.709007,0.069137,-0.427718,-0.167138,0.158160,0.285484,0.087911,0.099644,0.195407,-1.381215,-0.930536
-0.410523,0.491575,-0.896853,0.434883,-0.729151,0.731889,-1.524477,-0.793965,0.048674,1.050220,-0.099502,1.020883,1.312885,-0.225476,0.293473,0.173050,-0.241513,0.191343,-0.321516,-0.284239,0.214310,0.571356,-0.489529,-0.103044,0.346675,-0.368242,0.731476,-0.190291,0.059429,-0.126880,0.268261,-0.415367
0.364844,-0.572218,0.008194,-0.896852,-0.404928,0.159185,-1.214701,-0.961514,-0.118197,-0.261288,0.129343,-1.134814,1.043471,-0.172034,-0.109052,0.186207,-1.090104,-0.257812,-0.801482,-0.363334,0.855284,-0.391518,0.612778,0.337283,-0.122548,0.161500,-0.215878,-0.347655,0.225553,0.179118,-0.084979,-0.051100
-1.468155,-0.683659,0.567294,0.751391,-0.533956,-0.502149,-0.499316,0.166695,-0.104664,-1.177598,1.336646,0.355465,-1.187152,-0.192755,0.017676,-0.962379,0.074324,-0.028171,-0.393955,0.374168,-0.275695,-0.065845,0.522821,-0.456245,-0.471445,-0.534259,-0.148071,-0.435163,-0.070618,0.797960,0.316125,-0.212254
-1.003585,0.835623,-0.833983,0.437452,0.096779,0.583673,0.275405,0.587097,-0.350486,0.342349,0.800030,0.572438,-0.927616,0.866654,0.102027,0.555341,-0.657893,0.730170,0.450156,-1.155531,0.064326,0.998216,0.005133,0.223195,-0.233478,-0.358053,-0.073894,-0.683973,-0.872755,-0.220504,-0.519085,0.059254
-1.016557,1.264261,-0.390201,-0.318051,-1.082792,0.453600,-0.721522,-0.676760,-0.228137,-0.359248,-0.245136,0.774380,-0.585651,-0.481799,-0.316118,0.640449,0.254313,0.087467,0.698092,-1.045662,0.383668,-0.456174,0.203116,-0.170883,-0.565009,-0.214242,0.037938,0.616324,-0.076700,-0.435902,0.208138,-0.570719
-0.456053,-0.549780,0.433818,0.469089,0.249598,-0.060964,0.454449,1.052508,-1.173738,-0.528190,0.490641,-0.080796,1.588382,-0.386137,-0.659059,0.566478,0.140206,1.363499,0.029366,0.283916,-0.131021,0.279498,-0.142523,-0.591748,0.317702,-0.425734,0.670241,0.278268,-0.023497,0.413161,0.341891,-0.159996
-0.534221,-0.352194,-0.415061,-1.513988,-0.873634,0.103572,0.819688,0.371005,0.518916,-0.459385,-0.475442,-0.845469,0.684170,-1.452295,-0.236249,0.207351,-0.852926,0.136229,0.283168,0.450090,0.379858,-0.272015,0.366485,0.613961,-0.428121,-0.406983,0.338316,-0.299857,-0.103669,0.199909,-0.241232,-0.518072
-0.340535,0.571057,-0.009907,-0.032867,0.320499,-0.282538,-0.613253,-0.642147,-0.301495,-0.862910,1.562454,-0.822227,0.635725,1.256927,0.051266,0.463134,0.722304,-0.614554,0.115963,-0.268743,0.481587,-0.544455,0.000055,0.719397,-0.253093,-0.256958,1.028532,0.092901,-0.123614,0.053499,-0.050310,0.288743
-0.447899,-1.972715,0.333093,-0.511140,0.465841,-0.189776,-0.399173,0.100344,-0.207532,-0.451726,-0.334001,-0.609394,-0.850009,-0.679798,0.067735,-0.196112,-0.285791,0.230598,-0.855959,0.734778,-0.868534,0.370287,0.209208,0.529512,-0.665355,-0.703786,0.810770,0.153808,0.324900,0.292262,0.077890,-0.601025
-0.412897,-1.183821,-0.174843,0.504978,0.490574,0.188916,-0.943759,0.137119,-0.144963,0.563730,0.225591,0.545014,-0.095798,-0.118156,0.026572,0.630150,0.500814,-1.491963,-0.700748,-0.189421,-0.302483,0.311946,0.131415,0.254360,-0.299194,-0.574390,-0.087456,-0.821118,0.051014,1.183323,0.193810,-0.492836
-0.685892,-0.471730,-0.162689,0.077521,-0.081978,-0.413158,0.766152,0.005439,-1.324782,0.599973,-0.343734,-0.062454,-0.567730,0.219969,-0.136629,-1.118557,-1.151153,-0.846134,0.194421,0.707673,0.353469,0.012330,0.019071,-0.799067,0.379164,-0.532547,0.993589,0.122770,0.013051,1.031716,0.708640,1.013379
-1.110786,0.261738,-0.850277,0.107747,0.474297,-0.504883,0.441272,-0.877406,-0.287520,1.345759,0.552056,-0.406154,-0.079274,-0.589709,0.213702,0.847658,0.342513,-0.617237,0.301746,-0.750700,0.515429,0.422083,0.353685,0.435738,0.542862,-0.014544,0.820373,0.886305,-0.385843,0.188165,0.230055,0.403711
0.078198,-0.446332,-1.222191,-0.457380,0.221308,1.012728,0.331215,0.871642,-0.355108,1.128466,0.822759,0.326157,-0.326371,0.115826,-0.964932,0.478626,-1.150527,0.189868,-0.267700,-0.134916,0.506619,0.409915,-0.099951,-0.970042,0.388244,-0.122177,-0.036138,-0.091658,-0.181686,0.532210,-0.589372,-0.406863
-0.517987,0.356380,-0.700421,-0.660788,-1.114758,-0.969952,-1.248629,-0.553565,0.444556,-0.145173,-0.006016,-0.446539,-0.251379,-1.043214,1.263725,-0.607695,0.213242,-0.414791,0.429258,-0.084085,-0.207328,0.141134,-0.364358,-0.629311,-0.156576,-0.412234,-0.529558,0.255679,0.090930,-0.407916,0.036427,-0.178369
0.607824,0.914447,-0.531472,0.052801,-1.269063,0.416647,0.383933,0.289124,0.604667,0.129642,-0.726224,0.572259,-0.612706,1.664419,-0.540151,0.426571,0.596672,-0.036540,-0.141439,0.779241,0.397151,-0.612428,0.144665,-0.837885,0.624404,0.278722,0.749849,0.115143,0.207887,0.009601,0.917599,-0.546843
-0.245205,0.288995,-0.995952,-0.536331,0.144214,-0.201916,1.001354,-0.961729,-0.733377,-0.741816,1.276153,-0.905323,-0.431271,-0.698568,0.090047,-0.541741,0.073322,-1.117646,0.500104,0.293468,0.858945,0.472353,-0.192050,-0.455232,-0.285373,-0.101819,-0.087421,-0.446801,0.556939,0.331214,0.006897,0.102994
-1.567730,0.011308,0.519967,-1.473341,0.559679,-0.578180,-0.305692,0.757667,1.719154,0.032582,-0.244932,0.723244,0.052888,0.024528,0.104478,0.573062,0.204768,0.430726,0.083124,-0.105346,0.381226,-0.544626,0.413508,0.273088,-0.322930,-0.311179,-0.356973,0.399938,0.400145,0.430259,0.292553,-0.153032
-0.893406,-0.685070,0.328572,0.458393,1.106386,-0.438331,-0.528459,-1.422649,0.438961,-0.274663,-0.256629,0.444988,0.131225,-0.511250,-0.298015,-0.721211,0.026106,0.225053,0.011395,-0.060436,0.872718,0.491377,-0.479100,-0.466838,0.700958,-0.324454,-0.123999,-0.361267,-0.544109,-0.367968,-0.115212,-0.081583
-0.504250,-0.005729,-0.487132,-0.385422,-0.233916,0.829366,-0.607471,-0.150072,-0.236064,0.615456,0.464807,0.612222,-0.001474,1.090257,-0.609812,-0.028313,-0.725787,-0.071745,1.558707,1.256381,-0.088302,0.550480,-0.589158,-0.102915,-0.477724,-0.383552,0.458828,-0.633409,-0.468648,0.141193,0.535246,0.328213
-0.049292,-1.292424,-1.018395,-0.865567,0.219127,-0.029930,1.198817,0.967216,-0.275781,-0.075752,-0.596865,0.167612,-0.156561,0.542649,-0.505939,-0.164984,-0.330479,-0.128880,-0.592878,0.060468,0.588933,-0.231296,-1.060321,0.013359,-0.867932,-0.140964,-0.749822,-0.324930,0.408680,-0.363175,-0.158366,-0.115433
-0.147667,-0.944797,-0.796844,-1.173584,-0.504381,-0.522235,-0.348513,-0.519299,0.002413,-0.499289,-0.649077,-0.669655,-0.407269,0.013537,0.738689,1.798488,0.225185,0.060386,0.366285,-0.198278,-0.015749,0.032244,0.184794,0.021526,0.690766,-0.958162,-0.277334,0.006460,-0.717364,0.094602,0.080757,0.273965
-1.293724,-0.159434,1.758902,-0.571720,0.682389,0.403399,0.050138,-0.249398,-0.800531,0.310927,0.781909,-0.108069,0.102504,0.166512,-0.093978,0.824124,-0.384645,-0.151105,-0.692546,0.235122,0.076727,-0.172241,-0.009204,-0.775836,-0.476910,-0.424001,0.662736,-0.479627,-0.064422,-0.503571,-0.016812,-0.187736
-0.228982,-0.123422,-0.047106,-0.107571,-0.183093,-0.040754,0.436598,0.226092,-0.189695,-0.593260,-0.158144,1.855830,0.810778,0.450817,0.876130,0.719904,-0.998025,-0.681917,0.017113,0.871632,-0.182150,0.278947,-0.925701,0.628458,0.141176,0.565024,-0.586054,0.353297,-0.691621,-0.011786,0.320753,0.055948
0.846757,-1.320376,0.378696,-0.490143,0.279438,-1.241702,0.153250,-0.903515,-1.529283,-0.099987,-0.110094,0.609198,0.965680,0.216261,0.001909,0.266144,-0.226024,-0.276207,0.230838,-0.241826,0.395668,-1.188391,-0.575719,-0.166611,0.045746,0.202193,-0.692795,-0.420340,-0.035097,0.233556,-0.096115,0.378225
-0.028812,-1.731978,-0.691951,-0.157141,0.245870,0.566657,0.709443,-0.469691,-0.205989,-0.148280,-0.755714,0.013597,-0.174085,0.928150,-0.219865,0.686053,-0.073375,-0.196285,0.393039,-0.466929,-0.383256,-1.479802,-0.289679,-0.734727,0.158840,-0.311626,-0.075020,0.755298,-0.039107,1.095819,-0.469168,0.216844
-1.006350,1.170687,0.150738,-0.477032,-0.035677,-0.168437,-0.739438,0.645174,-1.598924,-0.371768,0.342889,0.789124,-0.739375,-0.055084,-0.140002,0.291373,-0.273379,0.196861,0.506060,-0.793264,0.118019,-0.146031,0.834957,-0.746920,0.001368,0.212934,-0.012428,-0.142015,-0.230621,0.287122,-0.329383,0.928512
-0.200594,-0.942919,-1.146188,-0.056135,0.753293,0.195130,0.240884,-0.464595,-1.568572,0.309892,-0.094374,0.219907,-0.615432,-0.444191,0.403395,0.220520,-0.485830,-0.308922,-0.710173,-0.042163,-0.703160,0.070218,-0.014736,0.063977,0.297017,0.071570,0.064973,1.361403,0.402218,-0.230644,0.153586,-0.337935
-0.052048,-0.725293,-0.499672,-0.074232,0.058724,-0.561626,-0.128201,0.421459,-1.308316,-1.684415,-0.607403,0.289044,-0.044516,-0.123603,0.198650,0.250946,1.332804,0.241700,-0.187587,-0.924294,-0.360252,-0.337513,0.184891,0.821903,-0.539917,0.230602,0.042703,-1.031797,-0.140857,0.404361,0.459913,0.339679
-1.060723,-0.463612,0.327296,0.329664,-0.264530,0.239063,-1.076984,0.707953,-0.891616,-0.963643,0.849548,-0.566322,0.187586,0.068594,-0.121029,-0.736033,-0.869639,-0.416741,-1.133874,-0.041306,-0.173799,-0.367633,0.716787,-0.699880,0.052760,0.178338,-0.645958,0.214036,0.184034,-1.075881,-0.463745,-0.077233
0.884951,0.509343,1.087224,0.102673,0.222538,-1.302586,-0.345256,0.569530,-1.412894,-0.047423,0.140200,0.017262,-0.883304,0.232181,0.251210,-0.800043,-0.987605,0.384566,1.107428,0.444592,0.450241,-1.098972,0.085130,-0.404281,0.189708,0.154400,-0.302424,0.304065,-0.026723,0.058589,-0.393953,0.156613
-0.012375,0.894548,0.107636,2.001457,-1.093215,-0.048198,0.513363,0.803275,-0.045657,0.439107,0.117314,-0.474076,0.182534,-0.209012,0.623420,-0.091831,0.389725,-0.184112,0.246457,-0.374094,-0.701079,-0.638215,0.001407,-0.379037,-0.379845,-0.298835,0.875776,-0.239441,0.274627,-0.586831,-0.490696,0.664608
0.597386,0.868489,0.549917,0.977239,-0.460173,0.270303,-0.026016,1.190974,-0.378452,-0.116310,0.540810,-0.787594,0.643910,-0.790602,-0.388624,0.336004,0.839336,-0.401427,1.121783,0.332704,0.001957,-0.742408,-0.270801,0.286960,0.394170,0.321005,-1.052248,-0.428818,-0.666099,0.699675,0.716705,-0.509366
-0.880403,0.541850,-0.228485,0.268904,-1.420725,-0.433798,-0.742085,0.454116,0.300144,-0.148158,0.672740,0.198576,0.725793,1.448065,0.170783,-0.515635,0.369170,0.374891,0.297091,-0.559303,-0.513184,-0.068032,-0.076010,-0.214931,-0.832729,-0.636287,0.186180,0.709775,0.354661,-0.586347,0.150038,0.810796
0.330307,-0.031701,-0.631594,-0.981845,-1.040067,-0.221774,0.095120,-0.068016,0.490141,0.191252,-0.383387,0.661550,0.787763,1.594275,0.101587,0.210709,0.544608,0.143162,-0.856028,0.613109,0.042606,-0.040131,0.215543,-0.403710,-0.131025,0.608816,1.082057,-0.323386,0.195968,-0.206953,-0.508247,0.201389
0.251495,-0.149413,2.106775,1.723855,1.010392,-0.739484,-0.676010,-0.125419,-0.516843,-0.122010,-0.467389,-0.256248,0.300779,0.125213,-0.314370,0.429911,0.378571,-0.056920,0.170144,0.193849,0.601357,0.432948,-0.360529,-0.401965,-0.710864,0.495335,-0.014549,0.460892,-0.123127,-0.092138,-0.269019,-0.248852
0.100790,-0.381678,-0.200863,0.367448,-0.848675,-0.944891,-0.126150,-0.270964,-0.678280,-0.648821,0.989153,0.198404,-1.315497,-0.170707,-0.077711,-0.128187,0.433110,-0.519156,0.097625,-0.336455,-0.147600,-0.560333,-1.159177,1.124132,-0.011579,0.872977,-0.048094,0.089821,1.056886,-0.442018,-0.152432,0.221929
-0.343782,-0.204524,-0.692012,0.858251,-0.610163,0.191377,0.772287,0.084278,-0.348172,-0.824722,-0.109274,0.762249,1.032147,0.248579,0.880391,0.320266,-1.279069,0.554258,1.044002,-0.483231,-0.858621,0.039914,-0.492753,0.281976,0.109210,-0.485497,-0.019255,0.012659,0.020224,-0.343867,1.042856,-0.215664
-0.662838,-0.504408,-0.176141,-0.921200,0.281213,-0.573684,-0.025441,1.388679,-0.718076,-1.235439,-0.419675,-0.061223,0.773575,0.574053,-0.205292,-0.615950,0.506220,0.106733,0.033299,-0.181859,-0.318047,0.733435,0.683427,0.144846,0.635971,0.451582,-0.831136,-0.688691,-0.171247,-0.992607,-0.048215,0.194958
-1.567730,0.011308,0.519967,-1.473341,0.559679,-0.578180,-0.305692,0.757667,1.719154,0.032582,-0.244932,0.723244,0.052888,0.024528,0.104478,0.573062,0.204768,0.430726,0.083124,-0.105346,0.381226,-0.544626,0.413508,0.273088,-0.322930,-0.311179,-0.356974,0.399938,0.400145,0.430259,0.292552,-0.153032
-1.664278,-0.035350,-0.558969,-0.399866,0.146664,0.334781,0.085714,-0.286674,0.046487,-0.573249,-0.231925,-0.100124,0.971431,-0.409085,0.267091,-1.619496,0.938964,-0.461382,0.814859,0.636188,0.048782,0.193874,-0.152181,-0.387337,0.265282,0.439656,-0.328980,-0.292042,-0.830402,-0.162674,-0.231626,-0.045688
3.147229,-0.606842,-0.667638,-0.223044,0.419879,-1.074862,-0.139976,-0.007237,0.511255,-0.023952,0.158620,0.845149,0.085261,-0.269122,-0.189744,-0.305675,0.131530,-0.004593,0.306443,-0.058799,0.115291,0.200950,0.304057,-0.140404,-0.536724,-0.176552,0.158642,0.089387,0.057535,-0.044418,0.053049,0.035518
3.147229,-0.606842,-0.667638,-0.223044,0.419879,-1.074862,-0.139976,-0.007237,0.511255,-0.023952,0.158620,0.845149,0.085261,-0.269122,-0.189744,-0.305675,0.131530,-0.004593,0.306443,-0.058799,0.115291,0.200950,0.304057,-0.140404,-0.536724,-0.176552,0.158642,0.089387,0.057535,-0.044418,0.053049,0.035518
3.147229,-0.606842,-0.667638,-0.223044,0.419879,-1.074862,-0.139976,-0.007237,0.511255,-0.023952,0.158620,0.845149,0.085261,-0.269122,-0.189744,-0.305675,0.131530,-0.004593,0.306443,-0.058799,0.115291,0.200950,0.304057,-0.140404,-0.536724,-0.176552,0.158642,0.089387,0.057535,-0.044418,0.053049,0.035518
3.147229,-0.606842,-0.667638,-0.223044,0.419879,-1.074862,-0.139976,-0.007237,0.511255,-0.023952,0.158620,0.845149,0.085261,-0.269122,-0.189744,-0.305675,0.131530,-0.004593,0.306443,-0.058799,0.115291,0.200950,0.304057,-0.140404,-0.536724,-0.176552,0.158642,0.089387,0.057535,-0.044418,0.053049,0.035518
0.461402,0.010357,0.555535,0.386401,-1.095578,-1.065182,-0.822442,-0.653882,-0.658544,-0.188938,1.228314,-0.145825,-1.062709,-0.108702,-0.133081,0.760930,-0.938330,-0.213978,0.048065,0.150006,0.446563,-0.441463,-0.117419,0.092393,0.277744,0.350288,0.143156,-0.371434,0.027252,-0.035917,0.485802,-1.011214
3.147229,-0.606842,-0.667638,-0.223044,0.419879,-1.074862,-0.139976,-0.007237,0.511255,-0.023952,0.158620,0.845149,0.085261,-0.269122,-0.189744,-0.305675,0.131530,-0.004593,0.306443,-0.058799,0.115291,0.200950,0.304057,-0.140404,-0.536724,-0.176552,0.158642,0.089387,0.057535,-0.044418,0.053049,0.035518
0.336172,0.000598,-0.462259,0.704610,0.315731,0.401750,-1.202540,-0.858451,0.895527,0.009872,-1.099087,0.582260,0.029182,-0.689955,-1.138047,0.232674,-0.106170,-0.770324,0.525307,0.210057,-0.421311,-0.005173,1.136183,0.057478,0.478125,0.025076,-0.104078,-0.185610,0.719176,-0.763879,-0.568733,-0.250504
0.493334,0.322760,1.193483,1.868276,-0.090170,0.150458,-0.652953,-0.091680,-0.555350,0.514033,0.203696,-0.075421,0.530195,0.769784,0.899804,0.491936,-0.081388,0.996716,0.502719,-0.245940,0.277755,0.296716,0.182954,0.013223,-0.507986,0.349843,0.181031,-0.131959,0.494214,0.576197,-0.332174,-0.573642
-0.728629,1.321544,1.513417,-0.505551,0.540526,0.014263,1.656041,-0.122337,0.489559,0.390496,-0.445054,0.221085,-0.068396,-0.714371,0.525047,-0.012762,-0.615760,-0.936265,0.105951,-0.250948,0.556278,0.146638,-0.196552,0.523838,-0.202109,-0.143466,0.104288,-0.257660,0.478124,0.205449,-0.228843,0.264914
-0.728629,1.321544,1.513417,-0.505551,0.540526,0.014263,1.656041,-0.122337,0.489559,0.390496,-0.445054,0.221085,-0.068396,-0.714371,0.525047,-0.012762,-0.615760,-0.936265,0.105951,-0.250948,0.556278,0.146638,-0.196552,0.523838,-0.202109,-0.143466,0.104288,-0.257660,0.478124,0.205449,-0.228843,0.264914
0.066175,0.274184,-0.665572,1.663564,-0.952660,0.877900,-0.050441,-0.497963,0.015275,-0.005198,-0.051596,-0.035319,0.162547,0.935589,0.976807,0.801176,0.146463,-0.981474,-0.041557,0.673760,0.833178,-0.193186,0.499862,-0.129241,0.181665,0.732429,0.050273,0.431100,-0.637333,0.203593,-0.378274,0.265111
1.736691,2.150121,1.235546,-0.963872,-0.312838,0.823383,0.179316,-1.049486,-0.574321,-0.608698,-0.032974,0.192657,-0.130708,0.275800,-0.424989,-0.404681,0.188204,-0.098901,-0.422819,0.032374,-0.486336,0.145963,-0.195257,0.199249,0.000836,-0.516399,0.010417,0.051926,-0.319817,0.039597,0.066272,-0.072542
1.736691,2.150121,1.235546,-0.963872,-0.312838,0.823383,0.179316,-1.049486,-0.574321,-0.608698,-0.032974,0.192657,-0.130708,0.275800,-0.424989,-0.404681,0.188204,-0.098901,-0.422819,0.032374,-0.486336,0.145963,-0.195257,0.199249,0.000836,-0.516399,0.010417,0.051926,-0.319817,0.039597,0.066272,-0.072542
1.736691,2.150121,1.235546,-0.963872,-0.312838,0.823383,0.179316,-1.049486,-0.574321,-0.608698,-0.032974,0.192657,-0.130708,0.275800,-0.424989,-0.404681,0.188204,-0.098901,-0.422819,0.032374,-0.486336,0.145963,-0.195257,0.199249,0.000836,-0.516399,0.010417,0.051926,-0.319817,0.039597,0.066272,-0.072542
1.736691,2.150121,1.235546,-0.963872,-0.312838,0.823383,0.179316,-1.049486,-0.574321,-0.608698,-0.032974,0.192657,-0.130708,0.275800,-0.424989,-0.404681,0.188204,-0.098901,-0.422819,0.032374,-0.486336,0.145963,-0.195257,0.199249,0.000836,-0.516399,0.010417,0.051926,-0.319817,0.039597,0.066272,-0.072542
-0.580030,0.449050,0.555835,0.036205,0.466721,-0.968439,-0.741742,-0.036770,-0.412369,-0.026578,-0.858301,-0.977074,1.072369,0.350712,-0.707601,0.349098,-0.008957,0.120891,-0.074179,-0.654354,-0.720919,0.636099,-0.088413,-0.459004,0.106847,0.612082,-0.335591,0.138033,0.557850,0.056716,1.542816,0.323510
-0.296919,0.790238,0.622753,-0.890703,-1.434747,0.196077,0.737183,-0.214410,0.984337,-0.664963,-0.182664,-0.465267,-0.269549,0.364737,-0.496507,0.979558,0.112034,0.195207,0.163241,0.290313,-0.211848,0.925524,-0.053509,-0.897205,-0.174493,0.740750,-0.597863,0.339860,0.451927,0.015177,-0.073520,0.156625
1.325136,-0.404181,-0.281788,-0.963489,-0.698489,0.487501,1.125166,0.012917,-0.272339,-0.211726,-0.164908,-0.834344,-0.551834,-0.180443,-0.163270,0.972687,0.003232,0.051185,0.178627,-0.226710,0.526105,0.399516,1.692276,-0.545116,1.002221,-0.370979,-0.750503,0.135877,0.369670,-0.504320,0.007061,0.876392
-0.948549,1.722750,-1.236424,1.480005,1.515388,-0.844569,0.578431,-0.518766,0.659039,-0.629400,-0.255719,-0.176841,0.089426,0.013241,-0.545802,-0.045238,-0.372013,0.476028,-0.395003,0.201802,-0.453850,-0.060003,0.196243,-0.119291,0.128257,-0.023878,0.043498,-0.122514,0.115983,0.067190,-0.023080,-0.030670
-0.948549,1.722750,-1.236424,1.480005,1.515388,-0.844569,0.578431,-0.518766,0.659039,-0.629400,-0.255719,-0.176841,0.089426,0.013241,-0.545802,-0.045238,-0.372013,0.476028,-0.395003,0.201802,-0.453850,-0.060003,0.196243,-0.119291,0.128257,-0.023878,0.043498,-0.122514,0.115983,0.067190,-0.023080,-0.030670
-0.948549,1.722750,-1.236424,1.480005,1.515388,-0.844569,0.578431,-0.518766,0.659039,-0.629400,-0.255719,-0.176841,0.089426,0.013241,-0.545802,-0.045238,-0.372013,0.476028,-0.395003,0.201802,-0.453850,-0.060003,0.196243,-0.119291,0.128257,-0.023878,0.043498,-0.122514,0.115983,0.067190,-0.023080,-0.030670
-0.948549,1.722750,-1.236424,1.480005,1.515388,-0.844569,0.578431,-0.518766,0.659039,-0.629400,-0.255719,-0.176841,0.089426,0.013241,-0.545802,-0.045238,-0.372013,0.476028,-0.395003,0.201802,-0.453850,-0.060003,0.196243,-0.119291,0.128257,-0.023878,0.043498,-0.122514,0.115983,0.067190,-0.023080,-0.030670
0.533204,0.274176,-1.233120,-1.331534,-0.415252,0.884157,-0.381187,0.260138,-0.569451,0.402234,-0.147437,-0.308624,-1.119579,0.155370,-0.298468,0.058975,0.479304,0.013009,-0.296868,0.552756,-0.728931,0.242500,-0.637690,-0.314408,-0.646898,1.113447,-0.294301,-0.119324,0.680800,-0.363751,-0.551184,0.221564
-0.079582,1.134558,-1.337766,-0.080791,0.487833,0.716859,-1.041890,-0.189453,-0.376123,0.321454,-1.101339,0.726294,0.119633,-1.095848,-0.193521,-0.209549,0.524767,-0.156817,0.466089,0.019711,0.098704,-0.518140,0.251246,-0.007669,0.377524,0.564193,0.603714,0.681602,-0.475796,0.155188,-0.025471,0.221846
0.525495,-1.030388,0.500934,0.849368,-1.493416,-0.732888,-0.312034,-0.545705,1.175524,0.971365,0.396105,-1.286441,-0.201897,0.613357,-0.612174,-0.240506,-0.704629,-0.242584,0.589913,-0.232350,-1.079779,0.296020,-0.275502,0.195773,0.310094,0.312082,-0.200668,-0.378441,-0.083448,0.235318,-0.051409,-0.085890
-0.550294,-0.392255,0.257533,-0.003041,0.157260,0.648967,0.001699,-0.530725,-0.810034,0.903977,-0.746124,1.043680,-0.037531,0.795052,0.354472,0.782656,-0.424584,-0.268479,-0.218270,1.405984,-1.016804,-0.310168,0.513311,0.891869,-0.436966,0.131027,-1.068703,-0.689086,0.822295,-0.258444,0.288920,-0.036094
-0.337717,0.486428,-0.406325,0.682041,0.420548,0.121518,0.024916,0.974779,-0.170929,1.697507,-0.029172,0.049556,0.058441,0.547422,-1.398372,0.228930,0.301120,-0.493601,-0.068923,0.273687,0.517563,0.118266,-1.050785,0.567325,-0.474827,0.371638,0.085452,-0.555295,-0.188713,-0.681093,-0.087085,-0.088954
1.226363,-0.611879,0.040715,1.388153,0.390496,1.358200,-0.291773,-0.206825,1.164502,-0.677940,0.994749,0.764476,0.046784,-0.736770,0.475345,0.518829,0.221622,0.065501,-0.628780,0.535232,-0.109609,-0.408447,-0.671521,-0.315475,0.411624,0.021220,-0.662911,-0.062705,-0.401821,-0.012000,0.151368,0.822577
1.226363,-0.611879,0.040715,1.388153,0.390496,1.358200,-0.291773,-0.206825,1.164502,-0.677940,0.994749,0.764476,0.046784,-0.736770,0.475345,0.518829,0.221622,0.065501,-0.628780,0.535232,-0.109609,-0.408447,-0.671521,-0.315475,0.411624,0.021220,-0.662911,-0.062705,-0.401821,-0.012000,0.151368,0.822577
0.351714,1.345181,0.414341,-0.109819,0.642953,-0.128525,1.585450,0.301292,0.481262,0.797166,1.334219,0.382501,0.189829,0.632006,-0.573847,-0.401807,-0.093278,0.105115,0.360463,0.202861,0.283335,0.402387,0.644950,0.954693,0.408796,0.089625,-0.097388,0.963379,0.809434,0.238038,-0.191589,-0.180952
0.680204,-0.027271,-0.369446,0.109312,-0.448840,-0.343242,1.459174,0.777759,-0.161250,0.460242,0.187900,-0.731510,0.535655,-0.623787,-1.235324,0.441671,-0.075852,0.652534,-0.123197,-0.612421,-0.845825,-0.847167,0.230249,0.623607,-0.859745,-0.004786,-0.318660,0.471351,-0.852184,-0.022919,-0.117778,-0.143534
0.251495,-0.149413,2.106775,1.723855,1.010392,-0.739484,-0.676010,-0.125419,-0.516843,-0.122010,-0.467389,-0.256248,0.300779,0.125213,-0.314370,0.429911,0.378571,-0.056920,0.170144,0.193849,0.601357,0.432948,-0.360529,-0.401965,-0.710864,0.495335,-0.014549,0.460892,-0.123127,-0.092138,-0.269019,-0.248852
0.525495,-1.030388,0.500934,0.849368,-1.493416,-0.732888,-0.312034,-0.545705,1.175524,0.971365,0.396105,-1.286441,-0.201897,0.613357,-0.612174,-0.240506,-0.704629,-0.242584,0.589913,-0.232350,-1.079779,0.296020,-0.275502,0.195773,0.310094,0.312082,-0.200668,-0.378441,-0.083448,0.235318,-0.051409,-0.085890
0.078414,-1.634542,0.137526,1.057340,0.405649,0.790439,0.169485,-0.211267,0.809357,0.194274,-0.288895,-0.385732,-0.208936,0.910232,0.203249,0.974847,1.235456,-0.355025,0.283237,0.508654,-0.914387,-0.218728,0.660527,0.833748,0.433858,-0.418503,0.033566,-0.147421,0.005164,-0.211725,-0.506132,-0.224124
1.052332,0.881576,0.137880,-0.510726,1.782807,1.212047,-1.121810,1.700507,0.153323,-0.152127,-0.165382,-1.080477,-0.113796,-0.112556,0.553252,0.006393,-0.370355,-0.143295,0.251009,0.045348,-0.136184,-0.280928,-0.510997,0.233797,0.307137,0.219899,0.157029,0.200655,0.390343,0.103362,-0.150032,-0.059994
-0.273637,-0.863709,-0.634835,0.830481,-0.738396,0.544924,-0.133933,-0.146999,-0.051007,-0.426986,-1.465220,-0.160905,0.392928,0.827856,0.957754,-1.117718,-0.293236,-0.621240,0.169069,0.317162,0.610498,-0.654427,0.729804,-0.091200,-0.532526,0.082310,0.300175,0.283077,0.987677,-0.033985,0.517179,-0.461320
-0.071924,-0.227601,-0.336688,1.068411,-0.739146,1.058261,-0.017222,-0.436607,0.052208,-0.121347,-0.902211,0.459992,-0.476777,0.230489,0.360351,-0.147485,-0.353307,2.033131,-0.221523,0.047994,0.534327,0.293221,0.046441,0.710841,0.203060,0.702335,0.126526,-0.698158,0.845699,0.635776,-0.133196,0.764028
1.079965,-0.283190,-0.512953,0.025832,-0.622653,-0.719117,0.914092,-0.122471,-0.672455,-0.134345,-0.537667,-1.236434,-0.046660,-1.318249,0.249994,0.676152,0.401371,0.406057,-0.057762,0.838537,-0.008752,0.152061,-1.207952,-0.661998,0.518604,-0.075230,0.050977,-0.057971,1.019061,-0.161112,0.410941,0.630611
0.126111,-0.721985,0.236986,1.070087,-1.201955,-0.248664,0.210535,0.688072,-0.026416,1.541567,0.920280,0.344953,0.315039,-1.195129,0.010263,-0.051962,-0.093027,0.054694,-0.386296,-0.901470,0.225763,-1.043749,-0.469503,-0.356015,0.127142,-0.204031,-0.356415,-0.316376,-0.009039,-0.332738,-0.168096,-0.342431
1.052332,0.881576,0.137880,-0.510727,1.782807,1.212047,-1.121810,1.700507,0.153322,-0.152127,-0.165382,-1.080477,-0.113796,-0.112556,0.553252,0.006393,-0.370355,-0.143295,0.251009,0.045348,-0.136185,-0.280928,-0.510997,0.233797,0.307137,0.219899,0.157029,0.200655,0.390343,0.103362,-0.150032,-0.059994
0.377370,0.898993,-0.560785,0.715127,-0.413778,1.081211,-1.116759,1.248763,0.115285,0.987384,-0.693371,-0.213584,-0.945067,0.098627,-0.189095,-0.102418,0.564537,-0.918101,-0.364521,-0.911108,-0.146068,-0.268550,0.534612,-0.589935,-0.031212,-0.618415,0.290900,-0.622169,-0.259134,-0.599305,-0.070877,-0.258223
0.659844,0.912824,-0.552666,-0.594177,0.622849,-1.121015,-0.555330,-0.567491,-0.608437,1.533112,-0.479975,-0.818387,-0.525998,0.550567,0.823217,-0.154637,0.049362,0.627624,-1.011703,0.278268,0.052901,-0.218959,-0.202870,-0.268895,-0.048604,-0.149827,-0.731057,-0.080723,-0.538431,0.366152,0.166352,-0.618932
-0.278030,1.351755,0.082970,-0.456795,-0.111205,0.678344,-0.644361,0.943547,-0.650986,0.325311,-0.628178,0.701232,-0.302661,-0.710683,-1.283318,0.350790,0.654430,0.003757,0.692249,-0.688521,-0.462891,-0.540604,0.157600,-0.374639,0.388878,0.599701,-0.387591,-0.326980,0.085302,0.835824,0.513871,0.341305
-0.126826,1.116422,1.464060,-0.174434,0.227899,0.451303,0.422899,-0.353233,0.867958,1.253817,0.604921,0.519118,0.261534,-0.267797,1.501775,-0.196353,-0.186902,0.817795,-0.407562,-0.340868,-0.080835,0.068622,0.971468,-0.446405,-0.434929,0.610597,-0.629668,-0.238821,-0.030891,0.218770,0.000273,0.149285
1.247946,0.582500,0.092317,-0.377826,-0.528795,0.232496,0.059518,0.248054,0.321761,-0.384880,0.041301,-0.394430,-0.659506,-0.301404,1.474133,0.736412,-0.663366,0.609138,1.626733,0.356731,0.302544,0.947886,0.311872,0.085845,-0.418963,0.239799,0.500471,-0.553016,-0.525012,-0.374120,-0.303378,-0.466310
0.659844,0.912824,-0.552666,-0.594177,0.622849,-1.121015,-0.555330,-0.567491,-0.608437,1.533112,-0.479975,-0.818386,-0.525998,0.550567,0.823217,-0.154637,0.049363,0.627624,-1.011703,0.278268,0.052901,-0.218959,-0.202870,-0.268895,-0.048604,-0.149827,-0.731058,-0.080723,-0.538431,0.366152,0.166352,-0.618932
0.088086,0.073742,-0.033264,0.890445,-0.575831,-0.337256,0.844160,0.496976,0.300734,-1.439617,-0.752504,-0.103101,-1.232688,0.831602,0.092614,-0.146558,1.056109,-0.520247,-0.433933,-1.360822,0.288887,0.803548,-0.238402,0.361243,0.196650,-0.194240,-0.624865,0.481707,0.017814,0.460362,-0.707812,-0.338573
1.052332,0.881576,0.137880,-0.510727,1.782807,1.212047,-1.121810,1.700508,0.153323,-0.152127,-0.165382,-1.080477,-0.113796,-0.112556,0.553252,0.006393,-0.370355,-0.143295,0.251009,0.045348,-0.136185,-0.280928,-0.510997,0.233797,0.307137,0.219899,0.157029,0.200655,0.390343,0.103362,-0.150032,-0.059994
-0.221462,0.309494,0.764176,0.096041,-0.306055,0.620605,2.144490,0.059847,0.274901,1.322169,-0.326145,-0.159759,-0.133804,-0.078211,-0.157030,-0.982961,0.766042,-0.459836,-0.453104,-0.005589,-0.038417,0.117318,-0.397056,-0.169969,0.267321,-0.632962,-0.071816,-0.865851,0.598432,-0.551179,0.464174,-0.255231
-1.013203,-0.541972,-0.955265,-0.498928,-0.409689,-0.136035,0.224288,-0.714463,0.450613,0.766276,-0.442637,-0.631453,-0.304406,-0.350592,0.637898,-0.850957,0.300751,0.180153,-0.081193,0.392063,-1.375794,0.322107,0.688671,-0.428124,-0.746629,1.094491,-0.142086,0.432921,-0.636084,0.573579,0.463807,-0.430391
0.584913,-0.344793,0.729216,0.240899,-0.624900,-0.569741,0.153553,1.275622,-0.507428,0.676959,-0.125557,0.452229,0.103888,0.219720,-0.330072,-1.608292,0.540968,0.581964,0.463019,0.845558,0.545578,-0.278834,1.067482,0.957066,0.700373,0.439314,-0.070512,-0.356094,-0.035163,0.598735,-0.098478,-0.017355
-0.770719,-0.254059,0.403949,-1.144480,0.051737,0.162109,1.000709,0.292615,0.878071,0.236966,0.678274,0.583437,0.326629,0.847810,0.158865,-0.471404,0.685686,-0.169654,-0.677502,-0.278632,0.018093,-0.750952,-0.168922,-0.727368,0.472727,-0.170553,-0.000309,0.137088,-0.495196,-0.205113,0.463608,-0.596571
-0.810397,-0.546391,-0.364198,0.039347,-0.639531,0.450432,-0.732082,0.819362,-0.364190,1.217163,-0.275011,0.417144,0.528532,-0.266532,-0.536428,-0.324675,-0.546214,0.907247,-0.862064,0.233315,-0.155971,0.062399,-0.166824,0.178407,-0.710919,-0.932348,-0.292929,0.809329,0.040775,0.012251,-0.769810,0.796652
-0.579571,0.389015,-0.492187,0.027378,-0.218699,-0.778567,-0.605443,-0.842068,-0.266248,-0.175630,-0.269721,0.639871,-0.611665,-0.133243,-0.328001,-0.087402,-1.196704,0.516923,0.039888,-0.850744,0.380736,-0.368427,0.217769,1.237658,1.444581,-0.097374,-0.069759,-0.535924,-0.085752,-0.500730,-0.167857,-0.500232
-0.568402,0.691580,-1.237541,-0.056204,-0.295895,0.501130,-1.124474,-0.836264,0.045573,0.414699,-0.005984,0.691489,0.985757,-0.710584,0.678485,-0.417909,0.710839,-0.082667,-0.013136,0.459105,-0.274131,0.861159,-0.761304,0.561036,0.548693,-1.039473,-0.655929,0.043678,0.323188,0.703196,-0.421127,0.047207
-0.563400,-0.773559,0.469083,-0.526003,0.667778,0.341260,-0.404433,0.677719,0.336629,1.027045,0.506849,0.272063,-1.387127,0.357103,0.244784,0.112949,-0.492156,-0.265392,-0.423960,-0.666015,-0.588097,1.212394,-0.116165,-0.065646,0.106021,-0.041482,-0.160322,0.076333,-0.110031,-0.065917,0.326755,0.924625
0.474832,-0.173810,-0.149435,-0.628242,-0.586766,0.262968,-1.085756,0.038218,0.168003,-0.728319,1.312625,-0.730509,1.126958,0.816444,-0.861905,-0.000301,-0.278360,-0.061465,-1.180532,0.462470,0.817317,0.056427,0.016760,0.328589,0.566838,0.395147,0.547873,0.110583,-0.012873,-0.129278,0.067557,0.006811
0.602396,-0.112412,-1.121585,0.047210,-0.469051,-0.811951,0.823192,1.090297,-0.198957,-0.524351,-0.528871,-0.392735,1.225522,0.100556,-0.068541,-0.397356,-0.571441,-0.107789,0.207268,-0.723629,-0.224265,1.002855,-0.913361,-0.525054,0.570129,-0.513842,0.262515,-0.637888,0.298111,-0.001036,-0.490244,-0.291995
-0.282851,0.498989,-0.230566,0.740177,-1.268634,0.184083,0.673836,0.273821,-1.128679,-0.052455,0.919388,0.235787,-0.832980,-0.937649,1.249439,-0.443692,1.004134,0.664550,-0.961428,0.881472,0.025445,-0.268836,0.176611,0.000489,0.488909,-0.048951,0.501746,0.105586,-0.009149,-0.001166,-0.353117,0.035229
-0.792916,0.076805,1.280591,0.185245,0.243962,-0.907359,-1.017355,-0.853068,0.403023,0.006793,-1.517391,0.386428,-0.624222,0.071044,-0.932944,0.726093,0.523332,-0.983146,0.271777,0.377280,0.413027,0.336017,-0.091584,-0.339728,0.161079,-0.465599,0.038591,-0.416456,0.246691,-0.246022,-0.402998,0.129126
0.998973,-0.962584,0.652150,0.283530,0.301992,-0.499819,1.293933,0.283449,0.442676,0.720543,0.566041,0.351618,0.550053,-0.757069,0.122907,0.450615,0.016120,-0.848368,-1.072501,-0.764130,-0.912472,-0.225471,0.660248,-0.068862,0.073166,0.656399,0.618848,-0.480473,-0.360450,0.406209,-0.507058,0.039864
0.810227,0.202528,-0.941198,0.597975,0.639875,-0.136480,0.353905,1.649786,1.034327,-0.746463,-0.608945,0.225869,-0.119108,0.392224,1.205221,-0.326931,-0.819952,-1.231145,-0.363496,-0.482246,-0.011616,-0.203140,-0.041119,-0.739375,-0.100068,0.283866,0.325812,-0.208557,-0.346109,-0.045260,0.270408,-0.016754
-0.524124,-0.621873,0.788831,-0.910753,0.381864,-0.576767,-0.441165,0.737140,-0.170454,-0.190888,0.880351,1.287860,0.051133,-0.392722,-0.708290,-0.016594,-0.759868,0.030834,-0.201988,1.261043,-0.593697,-0.398164,0.868159,-0.040088,0.916657,0.003572,-0.028354,0.173444,-0.066364,-0.826770,-0.181964,-0.049219
-0.676790,-0.120411,0.445651,1.093766,0.409933,-0.008265,-0.211001,-0.153493,0.439248,0.480239,-0.305281,-1.576189,-1.295791,-0.709715,-0.521881,-0.042644,-0.023425,0.320215,0.668400,1.112991,0.147445,-0.353279,0.262116,0.234291,-1.014044,-0.970611,-0.005040,0.418138,-0.764039,-0.819854,0.156412,0.577617
-1.982577,-0.244652,0.485353,-0.603334,0.614907,-0.935023,0.027469,0.132458,0.635019,0.334875,-0.156941,0.606608,-0.494868,-0.564955,-0.289905,-0.360759,0.457973,-0.152237,-0.101920,-0.079399,0.850160,-0.520400,-0.700074,-0.196835,-0.036290,0.684931,0.563542,-0.151842,-0.422188,-0.461575,0.269677,-0.079861
0.628123,0.244519,0.175295,1.439848,-0.484283,0.637715,1.113022,-0.374313,0.228474,-0.421904,0.814837,-0.500784,0.496335,-0.193298,-0.200160,0.109464,-0.843948,-1.263148,-0.505318,0.126842,0.664979,0.819571,0.953395,0.248283,-0.193507,0.448805,-0.646428,0.927371,-0.280958,0.002356,0.616955,0.170061
-0.817018,0.090010,-0.723222,-0.106359,-0.749620,0.812463,-0.936529,0.297023,-0.455109,0.488115,0.371096,-1.212256,1.429626,-0.564879,-0.201664,-0.338456,0.030125,-0.687034,-0.023085,-0.131180,0.866057,0.517430,0.738745,0.482291,-0.552113,-0.234935,-0.597056,-0.353716,0.335802,0.524552,-0.147055,0.117648
